image: under_test.pgm
resolution: 0.050000
origin: [-100.349997, -14.000000, 0]
negate: 0
occupied_thresh: 0.65
free_thresh: 0.196

