image: under_test.pgm
resolution: 0.050000
origin: [-77.700003, -37.600001, 0]
negate: 0
occupied_thresh: 0.65
free_thresh: 0.196

