image: under_test.pgm
resolution: 0.050000
origin: [-90.200003, -72.499998, 0]
negate: 0
occupied_thresh: 0.65
free_thresh: 0.196

